distortion:
- - -0.039002668859348874
- - 0.014721895688426877
- - -0.0035473989586256895
- - -0.012608454324726279
- - 0.009354903729530158
matrix:
- - 1385.8586792971444
  - 0.0
  - 718.8098251058735
- - 0.0
  - 1376.9705846785646
  - 984.6054933405902
- - 0.0
  - 0.0
  - 1.0
